# 3ds Max Wavefront OBJ Exporter v0.99 - (c)2007 guruware
# File Created: 20.11.2024 12:05:53

mtllib Debris.mtl

#
# object Hedra001
#

v  0.0000 1.0000 -0.0000
v  0.7071 -0.0000 0.7071
v  0.7071 -0.0000 -0.7071
v  -0.0000 -1.0000 0.0000
v  -0.7071 0.0000 -0.7071
v  -0.7071 0.0000 0.7071
# 6 vertices

vn -0.0000 1.0000 -0.0000
vn 0.7071 -0.0000 0.7071
vn 0.7071 -0.0000 -0.7071
vn -0.0000 -1.0000 -0.0000
vn -0.7071 0.0000 -0.7071
vn -0.7071 0.0000 0.7071
# 6 vertex normals

vt 0.9990 0.4190 0.0000
vt 0.5635 0.4134 0.0000
vt 0.8591 0.0066 0.0000
vt 0.9786 0.8591 0.0000
vt 0.5661 0.9990 0.0000
vt 0.5717 0.5635 0.0000
vt 0.0656 0.5635 0.0000
vt 0.4724 0.8591 0.0000
vt 0.0600 0.9990 0.0000
vt 0.4134 0.4414 0.0000
vt 0.0010 0.5813 0.0000
vt 0.0066 0.1458 0.0000
vt 0.9842 0.4236 0.0000
vt 0.4190 0.0059 0.0000
vt 0.4236 0.0010 0.0000
vt 0.4780 0.4236 0.0000
# 16 texture coords

o Hedra001
g Hedra001
usemtl wire_217227174
s off
f 1/1/1 2/2/2 3/3/3 
f 3/4/3 4/5/4 5/6/5 
f 5/7/5 6/8/6 1/9/1 
f 6/10/6 4/11/4 2/12/2 
f 3/4/3 5/6/5 1/13/1 
f 6/10/6 2/12/2 1/14/1 
f 2/2/2 4/15/4 3/3/3 
f 6/8/6 5/7/5 4/16/4 
# 0 polygons - 8 triangles

